3458
5995
2278
478
4147
4617
2941
1843
975
5263
596
1345
4155
1094
4166
217
1126
7284
4622
469
5388
7533
4236
4832
4774
5788
5081
6699
610
3301
8739
2662
8675
8083
4949
360
1215
4648
1290
2517
3474
4370
486
725
5157
8533
6866
1682
1403
5338
8246
2476
1050
4444
857
4007
5568
5368
12729
207
4241
9338
2492
1419
2703
3011
2424
1355
819
6796
8886
1455
1262
4760
2032
2960
7767
1571
3447
4897
8434
5704
1298
7129
109
7095
2426
1675
1413
85
55
6370
5771
1181
